"ID1" "ID2" "d12"
3751 3752 1.75
3751 3810 138.23
3751 3842 136.25
3751 3849 137.5
3751 3867 265.17
3751 4045 71.83
3751 4326 115.28
3751 4407 50.33
3751 4524 71.49
3751 4537 279.57
3751 4538 279.3
3751 4725 21.68
3751 4729 21.78
3751 4739 115.69
3751 4786 173.69
3751 4789 279.64
3751 4888 165.5
3751 4952 68.79
3751 4961 68.41
3751 5001 165.63
3751 5003 166.71
3751 5004 162.95
3751 5005 163.81
3751 5006 165.82
3751 5007 163.95
3751 74 685.15
3751 142 3925.59
3752 3810 139.71
3752 3842 137.98
3752 3849 139.23
3752 3867 266.47
3752 4045 73.41
3752 4326 117.01
3752 4407 51.59
3752 4524 73.06
3752 4537 280.75
3752 4538 280.48
3752 4725 21.56
3752 4729 21.46
3752 4739 117.42
3752 4786 175.42
3752 4789 280.82
3752 4888 167.23
3752 4952 70.52
3752 4961 70.15
3752 5001 167.36
3752 5003 168.45
3752 5004 164.69
3752 5005 165.55
3752 5006 167.56
3752 5007 165.69
3752 74 684.38
3752 142 3924.2
3810 3842 57.3
3810 3849 59.15
3810 3867 131.31
3810 4045 67.43
3810 4326 91.61
3810 4407 135.76
3810 4524 67.43
3810 4537 151
3810 4538 150.74
3810 4725 152.65
3810 4729 154.36
3810 4739 91.1
3810 4786 108.84
3810 4789 150.91
3810 4888 103.1
3810 4952 95.83
3810 4961 94.44
3810 5001 102.64
3810 5003 99.08
3810 5004 100.29
3810 5005 101.23
3810 5006 101.59
3810 5007 100.35
3810 74 806.26
3842 3849 2.07
3842 3867 170.53
3842 4045 70.98
3842 4326 42.66
3842 4407 112.97
3842 4524 72.14
3842 4537 195.04
3842 4538 194.8
3842 4725 143.17
3842 4729 145.4
3842 4739 41.98
3842 4786 54.33
3842 4789 194.83
3842 4888 47.46
3842 4952 72.34
3842 4961 71.85
3842 5001 47.1
3842 5003 44.48
3842 5004 44.46
3842 5005 45.47
3842 5006 46.26
3842 5007 44.75
3842 74 770.42
3849 3867 171.37
3849 4045 72.67
3849 4326 42.15
3849 4407 113.56
3849 4524 73.84
3849 4537 196.05
3849 4538 195.82
3849 4725 144.16
3849 4729 146.4
3849 4739 41.47
3849 4786 52.26
3849 4789 195.84
3849 4888 45.4
3849 4952 73.14
3849 4961 72.7
3849 5001 45.04
3849 5003 42.41
3849 5004 42.41
3849 5005 43.42
3849 5006 44.2
3849 5007 42.69
3849 74 770.05
3867 4045 197.51
3867 4326 212.82
3867 4407 267.07
3867 4524 197.26
3867 4537 29.71
3867 4538 29.59
3867 4725 281.77
3867 4729 283.27
3867 4739 212.17
3867 4786 199.67
3867 4789 29.23
3867 4888 198.7
3867 4952 226.77
3867 4961 225.45
3867 5001 198.05
3867 5003 192.98
3867 5004 197.17
3867 5005 197.67
3867 5006 196.66
3867 5007 196.53
3867 74 937.02
4045 4326 69.14
4045 4407 72.17
4045 4524 1.54
4045 4537 214.84
4045 4538 214.58
4045 4725 85.23
4045 4729 86.97
4045 4739 69.15
4045 4786 119.06
4045 4789 214.83
4045 4888 110.93
4045 4952 39.84
4045 4961 38.11
4045 5001 110.83
4045 5003 110.2
4045 5004 107.95
4045 5005 108.96
4045 5006 110.55
4045 5007 108.7
4045 74 742.89
4045 142 3996.01
4326 4407 79.87
4326 4524 70.68
4326 4537 236.7
4326 4538 236.46
4326 4725 116.3
4326 4729 118.7
4326 4739 0.7
4326 4786 58.69
4326 4789 236.51
4326 4888 50.65
4326 4952 46.56
4326 4961 47.09
4326 5001 50.85
4326 5003 52.67
4326 5004 48.34
4326 5005 49.11
4326 5006 51.22
4326 5007 49.4
4326 74 727.95
4407 4524 72.9
4407 4537 285.96
4407 4538 285.7
4407 4725 40.66
4407 4729 43.03
4407 4739 80.46
4407 4786 137.48
4407 4789 285.92
4407 4888 129.79
4407 4952 41.72
4407 4961 42.7
4407 5001 130.07
4407 5003 132.34
4407 5004 127.73
4407 5005 128.43
4407 5006 130.59
4407 5007 128.84
4407 74 671.18
4407 142 3933.44
4524 4537 214.41
4524 4538 214.15
4524 4725 85.23
4524 4729 86.93
4524 4739 70.68
4524 4786 120.44
4524 4789 214.4
4524 4888 112.32
4524 4952 41.14
4524 4961 39.4
4524 5001 112.22
4524 5003 111.56
4524 5004 109.34
4524 5005 110.35
4524 5006 111.93
4524 5007 110.08
4524 74 743.47
4524 142 3995.96
4537 4538 0.27
4537 4725 297.37
4537 4729 298.69
4537 4739 236.07
4537 4786 227.34
4537 4789 0.61
4537 4888 225.93
4537 4952 246.77
4537 4961 245.35
4537 5001 225.29
4537 5003 220.26
4537 5004 224.25
4537 5005 224.81
4537 5006 223.9
4537 5007 223.67
4537 74 957.04
4538 4725 297.11
4538 4729 298.43
4538 4739 235.84
4538 4786 227.14
4538 4789 0.71
4538 4888 225.73
4538 4952 246.51
4538 4961 245.09
4538 5001 225.09
4538 5003 220.06
4538 5004 224.04
4538 5005 224.6
4538 5006 223.7
4538 5007 223.46
4538 74 956.78
4725 4729 2.43
4725 4739 116.81
4725 4786 174.91
4725 4789 297.42
4725 4888 166.93
4725 4952 71.71
4725 4961 71.86
4725 5001 167.14
4725 5003 168.87
4725 5004 164.63
4725 5005 165.41
4725 5006 167.51
4725 5007 165.69
4725 74 664.83
4725 142 3910.79
4729 4739 119.21
4729 4786 177.32
4729 4789 298.74
4729 4888 169.34
4729 4952 74.03
4729 4961 74.17
4729 5001 169.55
4729 5003 171.26
4729 5004 167.03
4729 5005 167.81
4729 5006 169.91
4729 5007 168.09
4729 74 664.01
4729 142 3909.04
4739 4786 58.22
4739 4789 235.89
4739 4888 50.16
4739 4952 46.95
4739 4961 47.47
4739 5001 50.35
4739 5003 52.13
4739 5004 47.82
4739 5005 48.61
4739 5006 50.71
4739 5007 48.89
4739 74 728.64
4786 4789 227.02
4786 4888 8.28
4786 4952 104.92
4786 4961 105.28
4786 5001 8.27
4786 5003 9.88
4786 5004 11.13
4786 5005 10.16
4786 5006 8.53
4786 5007 10.36
4786 74 761.53
4789 4888 225.63
4789 4952 246.7
4789 4961 245.28
4789 5001 224.99
4789 5003 219.95
4789 5004 223.95
4789 5005 224.51
4789 5006 223.6
4789 5007 223.36
4789 74 956.99
4888 4952 96.74
4888 4961 97.09
4888 5001 0.65
4888 5003 5.79
4888 5004 3.06
4888 5005 2.03
4888 5006 2.05
4888 5007 2.75
4888 74 758.2
4952 4961 1.73
4952 5001 96.88
4952 5003 98.1
4952 5004 94.22
4952 5005 95.07
4952 5006 97.1
4952 5007 95.23
4952 74 710.45
4952 142 3975.1
4961 5001 97.22
4961 5003 98.35
4961 5004 94.54
4961 5005 95.4
4961 5006 97.41
4961 5007 95.54
4961 74 711.83
4961 142 3975.98
5001 5003 5.13
5001 5004 2.88
5001 5005 1.88
5001 5006 1.4
5001 5007 2.35
5001 74 758.81
5003 5004 5.42
5003 5005 5.35
5003 5006 3.73
5003 5007 4.34
5003 74 763.61
5004 5005 1.03
5004 5006 2.88
5004 5007 1.15
5004 74 758.29
5005 5006 2.19
5005 5007 1.15
5005 74 758.27
5006 5007 1.89
5006 74 760.09
5007 74 759.3
1149 1178 53.66
1149 1575 110.87
1149 1180 53.74
1149 1573 111.95
1149 2865 3211.88
1149 2866 3209.96
1149 2885 3262.68
1149 2856 3263.9
1149 2857 3266.34
1149 2858 3264.47
1149 13 2251.68
1149 229 2131.33
1149 142 2365.65
1149 194 2118.9
1149 227 2131.46
1149 228 2130.54
1149 1826 424.37
1149 2145 813.76
1178 1575 130.24
1178 1180 2.04
1178 1573 131.41
1178 2865 3232.72
1178 2866 3230.81
1178 2885 3283.78
1178 2856 3285
1178 2857 3287.48
1178 2858 3285.62
1178 13 2221.37
1178 229 2103.86
1178 142 2335.11
1178 194 2090.41
1178 227 2103.99
1178 228 2103.11
1178 1826 395.13
1178 2145 786.04
1575 1180 131.99
1575 1573 1.17
1575 2865 3307.35
1575 2866 3305.41
1575 2885 3357.83
1575 2856 3359.06
1575 2857 3361.45
1575 2858 3359.57
1575 13 2172.75
1575 229 2047.73
1575 142 2287.02
1575 194 2036.96
1575 227 2047.85
1575 228 2046.87
1575 1826 354.36
1575 2145 734.25
1763 2421 433.48
1763 1862 102.04
1763 2185 882.06
1763 2865 2139.13
1763 2866 2140.54
1763 2885 2085.82
1763 2856 2084.95
1763 2857 2081.47
1763 2858 2082.73
1763 1921 48.21
2421 1862 418.32
2421 2185 448.58
2421 2865 1707.32
2421 2866 1708.69
2421 2885 1654.17
2421 2856 1653.32
2421 2857 1649.81
2421 2858 1651.03
2421 1921 413.21
1862 2185 860.9
1862 2865 2106.79
1862 2866 2108.26
1862 2885 2053.2
1862 2856 2052.29
1862 2857 2048.88
1862 2858 2050.21
1862 1921 55.95
1180 1573 133.16
1180 2865 3230.86
1180 2866 3228.95
1180 2885 3281.93
1180 2856 3283.14
1180 2857 3285.62
1180 2858 3283.77
1180 13 2223.05
1180 229 2105.61
1180 142 2336.77
1180 194 2092.14
1180 227 2105.74
1180 228 2104.85
1180 1826 396.88
1180 2145 787.8
1573 2865 3308.04
1573 2866 3306.1
1573 2885 3358.52
1573 2856 3359.75
1573 2857 3362.14
1573 2858 3360.26
1573 13 2172.33
1573 229 2047.24
1573 142 2286.6
1573 194 2036.5
1573 227 2047.36
1573 228 2046.39
1573 1826 354.17
1573 2145 733.86
2185 2865 1261.79
2185 2866 1263.11
2185 2885 1208.98
2185 2856 1208.17
2185 2857 1204.61
2185 2858 1205.76
2185 1921 860.68
2865 2866 2.05
2865 2885 53.79
2865 2856 54.79
2865 2857 58.04
2865 2858 56.63
2865 1826 3625.57
2865 1921 2113.77
2866 2885 55.39
2866 2856 56.41
2866 2857 59.62
2866 2858 58.17
2866 1826 3623.66
2866 1921 2115.2
2885 2856 1.31
2885 2857 4.38
2885 2858 3.77
2885 1826 3676.83
2885 1921 2060.33
2856 2857 3.78
2856 2858 3.85
2856 1826 3678.04
2856 1921 2059.44
2857 2858 2.08
2857 1826 3680.55
2857 1921 2055.99
2858 1826 3678.71
2858 1921 2057.28
13 229 181.15
13 74 3433.32
13 142 114.48
13 194 158.66
13 227 181.26
13 228 183.01
13 1826 1827.42
13 2145 1438.87
229 74 3605.87
229 142 277.84
229 194 48.49
229 227 0.28
229 228 1.92
229 1826 1708.75
229 2145 1317.92
74 142 3328.14
74 194 3591.68
74 227 3605.9
74 228 3607.48
142 194 266.06
142 227 277.88
142 228 279.49
142 1826 1941.34
142 2145 1553.05
194 227 48.76
194 228 49.97
194 1826 1695.49
194 2145 1305.13
227 228 1.76
227 1826 1708.88
227 2145 1318.05
228 1826 1707.99
228 2145 1317.15
1826 2145 390.94
